# 20200627_180505 *RST;*CLS;:INP:COUP DC;:BAND:RES 1 Hz;:AVER:COUNT 10;:SWE:POIN 1001;:FREQ:CENT 22.2 kHz;:FREQ:SPAN 2 kHz;:TRAC1:TYPE AVER;:INIT:CONT 0;:FORM REAL,32;:FORM:BORD SWAP;:INIT:IMM;:POW:ATT 0;:DISP:WIND:TRAC:Y:RLEV -30 dBm;
   0     -93.21
   1     -93.97
   2     -94.93
   3     -84.87
   4     -96.31
   5     -95.23
   6     -90.22
   7     -94.96
   8     -92.60
   9     -89.47
  10     -90.47
  11     -92.76
  12     -86.98
  13     -91.86
  14     -93.97
  15     -94.71
  16     -93.21
  17     -94.45
  18     -92.58
  19     -90.70
  20     -96.18
  21     -89.08
  22     -92.73
  23     -94.53
  24     -91.56
  25     -94.46
  26     -94.43
  27     -95.65
  28     -92.34
  29     -96.47
  30     -90.20
  31     -91.11
  32     -94.99
  33     -92.36
  34     -95.34
  35     -94.34
  36     -93.24
  37     -99.60
  38     -94.60
  39     -89.61
  40     -99.77
  41     -93.36
  42     -93.86
  43     -94.03
  44     -93.35
  45     -91.12
  46     -93.48
  47     -98.76
  48     -89.06
  49     -93.59
  50     -89.33
  51     -95.30
  52     -90.17
  53     -93.77
  54     -92.62
  55     -92.61
  56     -93.69
  57     -89.92
  58     -93.75
  59     -93.97
  60     -95.89
  61     -92.64
  62     -86.23
  63     -92.67
  64     -94.20
  65     -92.51
  66     -90.78
  67     -92.89
  68     -82.62
  69     -88.25
  70     -91.89
  71     -89.59
  72     -89.67
  73     -93.24
  74     -86.71
  75     -89.60
  76     -91.35
  77     -89.98
  78     -92.98
  79     -87.72
  80     -90.03
  81     -90.90
  82     -88.76
  83     -90.38
  84     -89.18
  85     -88.55
  86     -92.02
  87     -87.05
  88     -88.44
  89     -88.73
  90     -89.11
  91     -89.86
  92     -89.92
  93     -87.55
  94     -90.29
  95     -92.82
  96     -88.55
  97     -91.94
  98     -89.17
  99     -87.90
 100     -90.69
 101     -90.56
 102     -87.40
 103     -90.63
 104     -91.83
 105     -88.20
 106     -89.19
 107     -94.25
 108     -88.47
 109     -74.50
 110     -97.67
 111     -88.11
 112     -90.64
 113     -92.19
 114     -89.22
 115     -94.46
 116     -88.12
 117     -93.24
 118     -90.80
 119     -88.95
 120     -88.97
 121     -92.62
 122     -92.49
 123     -89.66
 124     -92.76
 125     -92.57
 126     -90.75
 127     -95.15
 128     -88.11
 129     -83.41
 130     -91.67
 131     -92.51
 132     -88.21
 133     -92.69
 134     -91.17
 135     -91.35
 136     -83.85
 137     -88.74
 138     -90.64
 139     -94.08
 140     -90.37
 141     -90.58
 142     -95.89
 143     -93.64
 144     -89.51
 145     -92.95
 146     -92.87
 147     -92.63
 148     -92.62
 149     -98.68
 150     -92.37
 151     -92.37
 152     -91.04
 153     -88.52
 154     -90.76
 155     -92.36
 156     -87.30
 157     -92.39
 158     -95.56
 159     -92.31
 160     -93.02
 161     -92.65
 162     -90.51
 163     -95.42
 164     -94.93
 165     -91.51
 166     -94.78
 167     -93.73
 168     -92.33
 169     -94.47
 170     -96.64
 171     -95.84
 172     -93.31
 173     -92.90
 174     -89.87
 175     -93.74
 176     -93.57
 177     -91.04
 178     -95.57
 179     -95.48
 180     -88.25
 181     -98.65
 182     -94.56
 183     -86.88
 184     -92.04
 185     -92.07
 186     -90.39
 187     -93.63
 188     -93.76
 189     -92.21
 190     -92.80
 191     -92.43
 192     -88.76
 193     -94.01
 194     -95.12
 195     -92.80
 196     -94.22
 197     -91.21
 198     -94.87
 199     -89.94
 200     -87.48
 201     -91.26
 202     -92.48
 203     -94.97
 204     -90.93
 205     -93.21
 206     -95.87
 207     -90.53
 208     -94.26
 209     -95.43
 210     -94.71
 211     -93.56
 212     -95.94
 213     -89.44
 214     -95.28
 215     -90.28
 216     -93.04
 217     -89.10
 218     -88.40
 219     -92.15
 220     -95.16
 221     -98.27
 222     -89.80
 223     -91.34
 224     -94.32
 225     -92.23
 226     -94.81
 227     -91.43
 228     -87.28
 229     -91.40
 230     -91.68
 231     -89.05
 232     -94.18
 233     -96.81
 234     -89.64
 235     -96.65
 236     -93.90
 237     -87.35
 238     -94.25
 239     -90.92
 240     -93.09
 241     -95.84
 242     -94.84
 243     -90.60
 244     -92.69
 245     -94.16
 246     -82.63
 247     -92.65
 248     -92.15
 249     -90.30
 250     -87.67
 251     -94.43
 252     -93.88
 253     -96.54
 254     -95.97
 255     -89.39
 256     -94.05
 257     -93.04
 258     -89.77
 259     -96.10
 260     -92.03
 261     -92.00
 262     -87.79
 263     -95.45
 264     -82.43
 265     -95.17
 266     -91.73
 267     -87.28
 268     -96.02
 269     -90.57
 270     -91.07
 271     -92.87
 272     -93.03
 273     -93.86
 274     -85.45
 275     -90.27
 276     -93.23
 277     -93.30
 278     -90.96
 279     -95.08
 280     -92.52
 281     -94.30
 282     -86.82
 283     -94.33
 284     -97.65
 285     -89.49
 286     -89.18
 287     -94.04
 288     -91.71
 289     -70.10
 290     -94.56
 291     -90.33
 292     -92.27
 293     -94.49
 294     -94.04
 295     -93.26
 296     -90.97
 297     -92.86
 298     -93.09
 299     -92.53
 300     -92.11
 301     -93.91
 302     -95.31
 303     -92.30
 304     -95.94
 305     -92.84
 306     -91.42
 307     -96.32
 308     -91.62
 309     -86.32
 310     -96.40
 311     -92.00
 312     -97.06
 313     -93.84
 314     -93.22
 315     -96.02
 316     -91.10
 317     -92.66
 318     -91.77
 319     -99.12
 320     -91.59
 321     -91.78
 322     -94.33
 323     -93.23
 324     -89.84
 325     -94.00
 326     -92.22
 327     -90.83
 328     -97.07
 329     -95.22
 330     -90.93
 331     -93.83
 332     -93.94
 333     -88.04
 334     -93.43
 335     -93.15
 336     -91.61
 337     -94.38
 338     -99.36
 339     -94.95
 340     -95.83
 341     -93.98
 342     -93.01
 343     -94.06
 344     -93.13
 345     -87.50
 346     -94.38
 347     -95.95
 348     -92.05
 349     -91.88
 350     -91.55
 351     -95.76
 352     -94.32
 353     -92.32
 354     -90.47
 355     -91.78
 356     -88.32
 357     -88.51
 358     -93.03
 359     -91.70
 360     -92.80
 361     -91.02
 362     -97.63
 363     -90.79
 364     -88.91
 365     -94.21
 366     -91.81
 367     -92.68
 368     -92.44
 369     -91.66
 370     -93.47
 371     -93.79
 372     -90.63
 373     -91.67
 374     -96.39
 375     -89.51
 376     -90.12
 377     -92.77
 378     -90.99
 379     -92.80
 380     -88.88
 381     -93.78
 382     -91.99
 383     -93.32
 384     -94.18
 385     -93.41
 386     -93.04
 387     -93.86
 388     -91.03
 389     -93.87
 390     -88.00
 391     -90.14
 392     -92.60
 393     -89.89
 394     -96.43
 395     -89.73
 396     -95.85
 397     -93.62
 398     -95.90
 399     -89.21
 400     -72.72
 401     -92.40
 402     -92.98
 403     -90.78
 404     -92.98
 405     -91.71
 406     -93.38
 407     -91.75
 408     -92.60
 409     -91.72
 410     -94.50
 411     -91.28
 412     -91.72
 413     -96.92
 414     -89.77
 415     -91.99
 416     -95.60
 417     -88.41
 418     -94.66
 419     -92.09
 420     -90.12
 421     -94.66
 422     -94.25
 423     -93.92
 424     -94.61
 425     -92.22
 426     -93.96
 427     -93.58
 428     -91.02
 429     -94.81
 430     -95.79
 431     -91.94
 432     -93.45
 433     -83.42
 434     -93.50
 435     -87.56
 436     -96.21
 437     -89.98
 438     -86.32
 439     -87.76
 440     -90.58
 441     -92.32
 442     -89.07
 443     -89.29
 444     -89.03
 445     -90.33
 446     -93.78
 447     -88.37
 448     -88.77
 449     -89.92
 450     -88.43
 451     -86.41
 452     -86.67
 453     -86.83
 454     -89.25
 455     -88.83
 456     -83.04
 457     -88.27
 458     -84.84
 459     -85.74
 460     -89.20
 461     -85.23
 462     -84.47
 463     -82.02
 464     -74.97
 465     -80.37
 466     -81.80
 467     -83.48
 468     -81.81
 469     -77.10
 470     -83.63
 471     -84.16
 472     -81.53
 473     -82.15
 474     -83.82
 475     -85.29
 476     -84.55
 477     -79.88
 478     -79.84
 479     -82.50
 480     -81.05
 481     -79.40
 482     -78.20
 483     -80.05
 484     -80.34
 485     -77.44
 486     -79.95
 487     -77.39
 488     -77.41
 489     -78.89
 490     -83.48
 491     -78.02
 492     -79.77
 493     -81.53
 494     -77.31
 495     -78.49
 496     -81.68
 497     -78.68
 498     -77.60
 499     -75.81
 500     -78.39
 501     -79.49
 502     -77.38
 503     -78.91
 504     -78.47
 505     -78.92
 506     -79.18
 507     -77.83
 508     -76.89
 509     -78.48
 510     -77.80
 511     -80.72
 512     -77.58
 513     -80.36
 514     -80.40
 515     -79.69
 516     -81.60
 517     -78.03
 518     -81.47
 519     -81.23
 520     -79.34
 521     -80.54
 522     -81.52
 523     -79.65
 524     -81.31
 525     -82.84
 526     -84.99
 527     -79.63
 528     -82.21
 529     -78.44
 530     -82.00
 531     -81.39
 532     -83.79
 533     -78.96
 534     -84.80
 535     -83.32
 536     -83.32
 537     -82.69
 538     -82.93
 539     -83.62
 540     -85.99
 541     -85.00
 542     -82.65
 543     -88.95
 544     -85.73
 545     -84.06
 546     -85.60
 547     -87.45
 548     -87.32
 549     -86.50
 550     -84.93
 551     -86.88
 552     -87.03
 553     -90.67
 554     -90.74
 555     -89.98
 556     -88.16
 557     -86.75
 558     -90.34
 559     -87.79
 560     -95.07
 561     -87.19
 562     -89.31
 563     -92.53
 564     -90.35
 565     -93.45
 566     -95.44
 567     -90.74
 568     -93.19
 569     -91.39
 570     -88.26
 571     -90.99
 572     -96.72
 573     -91.40
 574     -93.30
 575     -92.60
 576     -85.44
 577     -89.55
 578     -91.74
 579     -92.18
 580     -89.92
 581     -94.83
 582     -92.26
 583     -90.36
 584     -93.42
 585     -89.17
 586     -94.84
 587     -94.34
 588     -89.67
 589     -97.17
 590     -91.17
 591     -91.65
 592     -85.86
 593     -91.74
 594     -95.76
 595     -92.44
 596     -88.97
 597     -90.46
 598     -90.27
 599     -91.86
 600     -93.25
 601     -91.76
 602     -90.67
 603     -92.50
 604     -87.26
 605     -91.02
 606     -90.69
 607     -88.16
 608     -91.57
 609     -95.12
 610     -91.33
 611     -95.97
 612     -94.76
 613     -95.36
 614     -93.61
 615     -93.08
 616     -89.73
 617     -95.28
 618     -91.09
 619     -90.85
 620     -94.51
 621     -96.62
 622     -88.55
 623     -92.87
 624     -92.75
 625     -90.47
 626     -96.72
 627     -91.99
 628     -87.94
 629     -93.43
 630     -93.01
 631     -92.44
 632     -94.09
 633     -92.75
 634     -93.76
 635     -93.69
 636     -95.95
 637     -94.21
 638     -94.40
 639     -88.47
 640     -93.60
 641     -92.58
 642     -89.84
 643     -86.69
 644     -91.87
 645     -90.33
 646     -91.98
 647     -93.32
 648     -97.55
 649     -79.74
 650     -92.88
 651     -91.12
 652     -91.37
 653     -94.03
 654     -97.94
 655     -89.79
 656     -93.20
 657     -94.04
 658     -92.40
 659     -94.91
 660     -92.95
 661     -85.46
 662     -87.97
 663     -87.26
 664     -86.11
 665     -92.95
 666     -98.31
 667     -92.32
 668     -95.89
 669     -93.96
 670     -90.88
 671     -92.72
 672     -95.30
 673     -93.45
 674     -92.39
 675     -94.09
 676     -94.74
 677     -93.44
 678     -94.22
 679     -94.34
 680     -92.92
 681     -96.31
 682     -91.90
 683     -95.66
 684     -94.09
 685     -87.37
 686     -90.29
 687     -93.43
 688     -83.61
 689     -91.55
 690     -91.21
 691     -93.62
 692     -94.99
 693     -93.83
 694     -92.76
 695     -92.97
 696     -91.56
 697     -92.05
 698     -91.87
 699     -90.47
 700     -90.42
 701     -90.86
 702     -81.94
 703     -88.80
 704     -90.97
 705     -91.20
 706     -87.97
 707     -90.88
 708     -89.95
 709     -91.44
 710     -89.52
 711     -92.84
 712     -71.79
 713     -95.39
 714     -87.81
 715     -89.77
 716     -93.52
 717     -92.01
 718     -90.58
 719     -91.91
 720     -96.17
 721     -90.82
 722     -88.25
 723     -92.85
 724     -86.91
 725     -98.11
 726     -88.94
 727     -91.71
 728     -92.30
 729     -94.09
 730     -92.08
 731     -88.66
 732     -93.43
 733     -90.30
 734     -93.01
 735     -91.56
 736     -90.24
 737     -94.39
 738     -92.09
 739     -84.53
 740     -90.36
 741     -96.19
 742     -91.41
 743     -91.44
 744     -90.07
 745     -88.72
 746     -94.76
 747     -93.01
 748     -93.33
 749     -86.87
 750     -91.96
 751     -90.67
 752     -91.86
 753     -92.15
 754     -87.59
 755     -92.47
 756     -94.82
 757     -92.49
 758     -93.21
 759     -95.13
 760     -95.45
 761     -93.36
 762     -84.55
 763     -95.40
 764     -92.58
 765     -87.68
 766     -93.73
 767     -96.59
 768     -95.29
 769     -89.30
 770     -95.43
 771     -91.81
 772     -90.32
 773     -92.98
 774     -92.73
 775     -88.42
 776     -91.54
 777     -95.07
 778     -89.52
 779     -91.80
 780     -90.98
 781     -90.06
 782     -91.37
 783     -91.47
 784     -93.75
 785     -94.74
 786     -92.23
 787     -88.85
 788     -92.45
 789     -94.43
 790     -93.20
 791     -93.94
 792     -92.09
 793     -93.64
 794     -94.07
 795     -94.72
 796     -86.62
 797     -94.16
 798     -91.35
 799     -88.31
 800     -91.32
 801     -93.75
 802     -93.66
 803     -91.96
 804     -92.01
 805     -91.86
 806     -93.59
 807     -93.93
 808     -94.11
 809     -91.96
 810     -91.27
 811     -90.30
 812     -82.98
 813     -92.73
 814     -90.77
 815     -93.74
 816     -81.12
 817     -89.64
 818     -91.72
 819     -95.38
 820     -91.78
 821     -91.75
 822     -91.13
 823     -86.71
 824     -91.48
 825     -89.32
 826     -89.70
 827     -91.44
 828     -90.29
 829     -79.27
 830     -88.95
 831     -94.24
 832     -88.52
 833     -93.58
 834     -94.57
 835     -91.15
 836     -90.70
 837     -95.24
 838     -92.69
 839     -90.78
 840     -94.11
 841     -91.88
 842     -93.44
 843     -93.71
 844     -90.91
 845     -93.55
 846     -97.07
 847     -91.23
 848     -91.53
 849     -93.50
 850     -93.42
 851     -88.58
 852     -89.92
 853     -90.01
 854     -89.62
 855     -93.61
 856     -87.80
 857     -94.00
 858     -84.67
 859     -90.85
 860     -92.12
 861     -95.49
 862     -89.60
 863     -89.95
 864     -94.83
 865     -95.52
 866     -90.92
 867     -89.52
 868     -90.99
 869     -93.30
 870     -91.84
 871     -91.64
 872     -88.67
 873     -94.16
 874     -87.63
 875     -84.85
 876     -93.26
 877     -88.52
 878     -90.92
 879     -90.53
 880     -88.59
 881     -92.69
 882     -92.63
 883     -88.65
 884     -94.96
 885     -93.70
 886     -90.64
 887     -92.90
 888     -92.09
 889     -92.58
 890     -94.85
 891     -93.37
 892     -89.80
 893     -91.63
 894     -94.36
 895     -86.67
 896     -92.67
 897     -94.02
 898     -89.03
 899     -94.97
 900     -89.95
 901     -87.90
 902     -95.15
 903     -91.05
 904     -90.36
 905     -92.29
 906     -91.19
 907     -88.92
 908     -92.15
 909     -95.42
 910     -89.24
 911     -94.20
 912     -88.30
 913     -89.82
 914     -92.48
 915     -94.69
 916     -90.10
 917     -90.33
 918     -95.18
 919     -87.74
 920     -93.12
 921     -96.79
 922     -79.25
 923     -95.83
 924     -91.07
 925     -90.48
 926     -91.73
 927     -94.16
 928     -89.43
 929     -92.65
 930     -95.37
 931     -92.56
 932     -93.47
 933     -93.23
 934     -87.21
 935     -91.39
 936     -94.90
 937     -90.03
 938     -84.94
 939     -92.66
 940     -83.09
 941     -92.39
 942     -92.36
 943     -88.16
 944     -89.79
 945     -90.92
 946     -88.13
 947     -90.78
 948     -90.81
 949     -85.01
 950     -91.07
 951     -92.70
 952     -89.98
 953     -94.84
 954     -93.45
 955     -90.18
 956     -93.13
 957     -93.95
 958     -87.67
 959     -90.68
 960     -80.96
 961     -92.52
 962     -90.60
 963     -91.68
 964     -89.62
 965     -92.67
 966     -90.35
 967     -81.71
 968     -92.10
 969     -88.64
 970     -85.54
 971     -92.64
 972     -91.40
 973     -88.21
 974     -94.77
 975     -93.29
 976     -86.04
 977     -88.20
 978     -89.73
 979     -88.91
 980     -90.71
 981     -86.76
 982     -87.38
 983     -89.81
 984     -92.84
 985     -81.84
 986     -93.94
 987     -89.46
 988     -85.79
 989     -88.63
 990     -92.84
 991     -90.90
 992     -91.58
 993     -86.65
 994     -90.03
 995     -94.99
 996     -92.10
 997     -91.21
 998     -92.22
 999     -94.10
1000     -90.08
# <eof>
